La = 0.235e-3;
Ra = 0.62;
J = 1.075;
Dm = 4.49e-4;
Kv = 0.227;
Tm = 1.08;